w, t = [ 0.72935668  2.89206768] 
1. [-5.0] -- -0.754715733647
2. [-4.0] -- -0.0253590500376
3. [-3.0] -- 0.703997633572
4. [-2.0] -- 1.43335431718
5. [-1.0] -- 2.16271100079
6. [0.0] -- 2.8920676844
7. [1.0] -- 3.62142436801
8. [2.0] -- 4.35078105162
9. [3.0] -- 5.08013773523
10. [4.0] -- 5.80949441884
11. [5.0] -- 6.53885110245
12. [6.0] -- 7.26820778606
13. [7.0] -- 7.99756446967
14. [8.0] -- 8.72692115328
15. [9.0] -- 9.45627783688
16. [10.0] -- 10.1856345205
17. [11.0] -- 10.9149912041
18. [12.0] -- 11.6443478877
19. [13.0] -- 12.3737045713
20. [14.0] -- 13.1030612549
21. [15.0] -- 13.8324179385
