w, t = [ 1.9999941  -1.00000179 -4.00000265] 
1. [9.8752, 7.1663] -- 8.58402632433
2. [-2.7406, -9.6271] -- 0.145930701173
3. [1.1744, 4.5666] -- -6.21781773413
4. [8.5456, 6.3332] -- 6.75793565145
5. [-4.8025, -7.6756] -- -5.92936062821
6. [6.6495, -0.2289] -- 9.52785855191
7. [-6.4975, -3.051] -- -13.9439588956
8. [7.5968, 5.4778] -- 5.7157427733
9. [-4.4073, -4.2943] -- -8.52026899804
10. [6.9895, 6.4879] -- 3.49104454952
11. [6.1343, -6.5388] -- 14.8073728604
12. [-6.2175, 7.2729] -- -23.7078789874
13. [9.5712, 8.5211] -- 6.62122569664
14. [-4.9254, -6.1779] -- -7.67286257888
15. [5.5709, -8.993] -- 16.1347805659
16. [6.2157, 0.969] -- 7.46235896975
17. [-0.0409, -9.8096] -- 5.72781511037
18. [8.3145, 6.5673] -- 6.06163659581
19. [-7.9803, 8.1709] -- -28.1314701984
20. [-7.2835, 4.1059] -- -22.6728670454
